45431784
45431774
45431769
45431764
45431735
45431723
45431700
45431648
45431645
45431633
45431639
45431628
45431624
45431614
45431606
45431597
45431590
45431580
45431570
45431561
45431556
45431515
45431496
45431502
45431472
45431458
45431453
45431433
45431429
45431420
45431407
45431363
45431360
45431307
45431281
45431258
45431188
45431200
45431178
45431150
45431158
45431144
45431141
45431121
45431114
45431067
45431064
45431053
45431029
45431025
45430967
45430950
45430945
45430942
45430933
45430920
45430886
45430881
45430852
45430816
45430770
45430780
45430762
45430748
45430735
45430706
45430687
45430681
45430672
45430664
45430651
45430648
45430637
45430619
45430605
45430574
45430497
45430494
45430483
45430474
45430471
45430458
45430439
45430429
45430421
45430424
45430415
45430396
45430387
45430377
45430346
45430330
45430313
45430295
45430271
45430236
45430215
45430188
45430121
45430116
45430098
45430087
45430069
45430064
45430057
45430027
45430012
45429993
45429978
45429969
45429938
45429923
45429913
45429905
45429918
45429889
45429842
45429804
45429739
45429712
45429708
45429684
45429667
45429648
45429641
45429624
45429602
45429593
45429580
45429550
45429539
45429536
45429533
45429486
45429477
45429455
45429429
45429416
45429394
45429389
45429381
45429375
45429356
45429343
45429309
45429291
45429241
45429212
45429207
45429194
45429157
45429144
45429139
45429133
45429117
45429097
45429083
45429061
45429033
45428987
45428982
45428957
45428927
45428869
45428854
45428841
45428794
45428743
45428738
45428727
45428732
45428695
45428679
45428633
45428608
45428526
45428433
45428406
45428391
45428363
45428330
45428321
45428295
45428273
45428255
45428230
45428179
45428172
45428156
45428151
45428146
45428122
45428100
45428088
45428060
45428053
45428048
45427998
45427944
45427931
45427923
45427909
45427873
45427869
45427861
45427847
45427839
45427828
45427825
45427804
45427772
45427763
45427737
45427730
45427721
45427688
45427650
45427645
45427640
45427613
45427600
45427590
45427585
45427580
45427560
45427540
45427529
45427492
45427500
45427495
45427482
45427450
45427407
45427391
45427388
45427346
45427298
45427285
45427273
45427268
45427251
45427242
45427236
45427227
45427169
45427166
45427143
45427113
45427091
45427088
45427084
45427061
45427048
45426998
45426991
45426965
45426948
45426943
45426929
45426892
45426875
45426863
45426853
45426838
45426833
45426815
45426789
45426777
45426753
45426741
45426736
45426689
45426675
45426671
45426653
45426648
45426645
45426621
45426614
45426599
45426523
45426520
45426506
45426484
45426463
45426439
45426433
45426420
45426415
45426391
45426377
45426330
45426321
45426284
45426284
45426251
45426251
45426236
45426230
45426199
45426162
45426106
45426091
45426085
45426065
45426059
45426035
45426028
45426011
45425995
45425991
45425963
45425930
45425925
45425906
45425882
45425855
45425837
45425832
45425776
45425786
45425770
45425759
45425713
45425710
45425702
45425685
45425667
45425660
45425583
45425580
45425574
45425571
45425539
45425502
45425489
45425463
45425442
45425412
45425397
45425389
45425362
45425367
45425354
45425344
45425341
45425333
45425329
45425303
45425284
45425262
45425230
45425164
45425161
45425150
45425097
45425067
45425041
45425030
45424954
45424951
45424898
45424883
45424862
45424856
45424845
45424807
45424789
45424775
45424766
45424761
45424756
45424748
45424703
45424677
45424674
45424659
45424627
45424567
45424498
45424493
45424482
45424472
45424467
45424454
45424443
45424440
45424396
45424370
45424365
45424348
45424334
45424309
45424298
45424250
45424243
45424230
45424222
45424217
45424208
45424154
45424151
45424147
45424128
45424119
45424112
45424100
45424014
45423996
45423945
45423938
45423924
45423898
45423885
45423876
45423869
45423852
45423840
45423820
45423799
45423788
45423772
45423758
45423739
45423744
45423691
45423675
45423662
45423628
45423623
45423617
45423606
45423591
45423569
45423559
45423554
45423548
45423488
45423483
45423471
45423463
45423457
45423454
45423444
45423440
45423435
45423429
45423419
45423409
45423403
45423373
45423359
45423321
45423294
45423270
45423262
45423245
45423225
45423221
45423218
45423215
45423210
45423207
45423197
45423190
45423187
45423180
45423166
45423159
45423140
45423135
45423113
45423104
45423088
45423040
45423019
45423008
45423003
45422991
45422980
45422949
45422914
45422908
45422893
45422789
45422778
45422757
45422745
45422701
45422687
45422678
45422624
45422621
45422610
45422605
45422587
45422569
45422521
45422508
45422488
